[gd_scene load_steps=17 format=2]

[ext_resource path="res://level/Level.tscn" type="PackedScene" id=1]
[ext_resource path="res://unit/player/FootmanUnit.tscn" type="PackedScene" id=2]
[ext_resource path="res://destructible/Tree.tscn" type="PackedScene" id=3]
[ext_resource path="res://destructible/Rock.tscn" type="PackedScene" id=4]
[ext_resource path="res://objective/TeleportStone.tscn" type="PackedScene" id=5]
[ext_resource path="res://unit/enemy/FireBug.tscn" type="PackedScene" id=6]

[sub_resource type="CubeMesh" id=1]
size = Vector3( 150, 1, 150 )

[sub_resource type="ConvexPolygonShape" id=2]
points = PoolVector3Array( -75, 0.5, 75, 75, 0.5, -75, 75, 0.5, 75, -75, 0.5, -75, -75, -0.5, 75, 75, -0.5, -75, 75, -0.5, 75, -75, -0.5, -75, 75, 0.5, 75, -75, 0.5, -75, 75, 0.5, -75, -75, 0.5, 75, 75, -0.5, 75, -75, -0.5, -75, 75, -0.5, -75, -75, -0.5, 75, 75, 0.5, 75, -75, -0.5, 75, -75, 0.5, 75, 75, -0.5, 75, 75, 0.5, -75, -75, -0.5, -75, -75, 0.5, -75, 75, -0.5, -75 )

[sub_resource type="CubeMesh" id=3]
size = Vector3( 10, 10, 2 )

[sub_resource type="ConvexPolygonShape" id=4]
points = PoolVector3Array( -5, 5, 1, 5, 5, -1, 5, 5, 1, -5, 5, -1, -5, -5, 1, 5, -5, -1, 5, -5, 1, -5, -5, -1, 5, 5, 1, -5, 5, -1, 5, 5, -1, -5, 5, 1, 5, -5, 1, -5, -5, -1, 5, -5, -1, -5, -5, 1, 5, 5, 1, -5, -5, 1, -5, 5, 1, 5, -5, 1, 5, 5, -1, -5, -5, -1, -5, 5, -1, 5, -5, -1 )

[sub_resource type="ConvexPolygonShape" id=5]
points = PoolVector3Array( -5, 5, 1, 5, 5, -1, 5, 5, 1, -5, 5, -1, -5, -5, 1, 5, -5, -1, 5, -5, 1, -5, -5, -1, 5, 5, 1, -5, 5, -1, 5, 5, -1, -5, 5, 1, 5, -5, 1, -5, -5, -1, 5, -5, -1, -5, -5, 1, 5, 5, 1, -5, -5, 1, -5, 5, 1, 5, -5, 1, 5, 5, -1, -5, -5, -1, -5, 5, -1, 5, -5, -1 )

[sub_resource type="ConvexPolygonShape" id=6]
points = PoolVector3Array( -5, 5, 1, 5, 5, -1, 5, 5, 1, -5, 5, -1, -5, -5, 1, 5, -5, -1, 5, -5, 1, -5, -5, -1, 5, 5, 1, -5, 5, -1, 5, 5, -1, -5, 5, 1, 5, -5, 1, -5, -5, -1, 5, -5, -1, -5, -5, 1, 5, 5, 1, -5, -5, 1, -5, 5, 1, 5, -5, 1, 5, 5, -1, -5, -5, -1, -5, 5, -1, 5, -5, -1 )

[sub_resource type="ConvexPolygonShape" id=7]
points = PoolVector3Array( -5, 5, 1, 5, 5, -1, 5, 5, 1, -5, 5, -1, -5, -5, 1, 5, -5, -1, 5, -5, 1, -5, -5, -1, 5, 5, 1, -5, 5, -1, 5, 5, -1, -5, 5, 1, 5, -5, 1, -5, -5, -1, 5, -5, -1, -5, -5, 1, 5, 5, 1, -5, -5, 1, -5, 5, 1, 5, -5, 1, 5, 5, -1, -5, -5, -1, -5, 5, -1, 5, -5, -1 )

[sub_resource type="ConvexPolygonShape" id=8]
points = PoolVector3Array( -5, 5, 1, 5, 5, -1, 5, 5, 1, -5, 5, -1, -5, -5, 1, 5, -5, -1, 5, -5, 1, -5, -5, -1, 5, 5, 1, -5, 5, -1, 5, 5, -1, -5, 5, 1, 5, -5, 1, -5, -5, -1, 5, -5, -1, -5, -5, 1, 5, 5, 1, -5, -5, 1, -5, 5, 1, 5, -5, 1, 5, 5, -1, -5, -5, -1, -5, 5, -1, 5, -5, -1 )

[sub_resource type="ConvexPolygonShape" id=9]
points = PoolVector3Array( -5, 5, 1, 5, 5, -1, 5, 5, 1, -5, 5, -1, -5, -5, 1, 5, -5, -1, 5, -5, 1, -5, -5, -1, 5, 5, 1, -5, 5, -1, 5, 5, -1, -5, 5, 1, 5, -5, 1, -5, -5, -1, 5, -5, -1, -5, -5, 1, 5, 5, 1, -5, -5, 1, -5, 5, 1, 5, -5, 1, 5, 5, -1, -5, -5, -1, -5, 5, -1, 5, -5, -1 )

[sub_resource type="ConvexPolygonShape" id=10]
points = PoolVector3Array( -5, 5, 1, 5, 5, -1, 5, 5, 1, -5, 5, -1, -5, -5, 1, 5, -5, -1, 5, -5, 1, -5, -5, -1, 5, 5, 1, -5, 5, -1, 5, 5, -1, -5, 5, 1, 5, -5, 1, -5, -5, -1, 5, -5, -1, -5, -5, 1, 5, 5, 1, -5, -5, 1, -5, 5, 1, 5, -5, 1, 5, 5, -1, -5, -5, -1, -5, 5, -1, 5, -5, -1 )

[node name="Awake" instance=ExtResource( 1 )]

[node name="Floor" type="MeshInstance" parent="." index="1"]
transform = Transform( 1, 0, 0, 0, 1, 0, 0, 0, 1, 0, 0, -30 )
mesh = SubResource( 1 )
material/0 = null

[node name="StaticBody2" type="StaticBody" parent="Floor" index="0"]

[node name="CollisionShape" type="CollisionShape" parent="Floor/StaticBody2" index="0"]
shape = SubResource( 2 )

[node name="FootmanUnit" parent="." index="2" instance=ExtResource( 2 )]
transform = Transform( 1, 0, 0, 0, 1, 0, 0, 0, 1, -34.7348, 4.01, 28.7733 )
collision_mask = 11

[node name="Movement" type="Spatial" parent="." index="3"]
editor/display_folded = true
transform = Transform( 1, 0, 0, 0, 1, 0, 0, 0, 1, -34.9173, 0, 26.3703 )

[node name="MeshInstance2" type="MeshInstance" parent="Movement" index="0"]
transform = Transform( 1, 0, 0, 0, 1, 0, 0, 0, 1, 0.172903, 1.71483, 11.1819 )
mesh = SubResource( 3 )
material/0 = null

[node name="StaticBody" type="StaticBody" parent="Movement/MeshInstance2" index="0"]

[node name="CollisionShape" type="CollisionShape" parent="Movement/MeshInstance2/StaticBody" index="0"]
shape = SubResource( 4 )

[node name="MeshInstance3" type="MeshInstance" parent="Movement" index="1"]
editor/display_folded = true
transform = Transform( 0.760685, 0, -0.649122, 0, 1, 0, 0.649122, 0, 0.760685, -8.62977, 1.71483, 7.79214 )
mesh = SubResource( 3 )
material/0 = null

[node name="StaticBody" type="StaticBody" parent="Movement/MeshInstance3" index="0"]

[node name="CollisionShape" type="CollisionShape" parent="Movement/MeshInstance3/StaticBody" index="0"]
transform = Transform( 1, 0, -2.98023e-008, 0, 1, 0, 2.98023e-008, 0, 1, 0, 0, 0 )
shape = SubResource( 5 )

[node name="MeshInstance7" type="MeshInstance" parent="Movement" index="2"]
editor/display_folded = true
transform = Transform( -0.884598, 0, 0.466354, 0, 1, 0, -0.466354, 0, -0.884598, 8.66981, 1.71483, -8.55775 )
mesh = SubResource( 3 )
material/0 = null

[node name="StaticBody" type="StaticBody" parent="Movement/MeshInstance7" index="0"]

[node name="CollisionShape" type="CollisionShape" parent="Movement/MeshInstance7/StaticBody" index="0"]
transform = Transform( 1, 0, -2.98023e-008, 0, 1, 0, 2.98023e-008, 0, 1, 0, 0, 0 )
shape = SubResource( 6 )

[node name="MeshInstance4" type="MeshInstance" parent="Movement" index="3"]
editor/display_folded = true
transform = Transform( 0.0325639, 0, -0.99947, 0, 1, 0, 0.99947, 0, 0.0325639, -11.477, 1.71483, 0.0523415 )
mesh = SubResource( 3 )
material/0 = null

[node name="StaticBody" type="StaticBody" parent="Movement/MeshInstance4" index="0"]

[node name="CollisionShape" type="CollisionShape" parent="Movement/MeshInstance4/StaticBody" index="0"]
shape = SubResource( 7 )

[node name="MeshInstance6" type="MeshInstance" parent="Movement" index="4"]
editor/display_folded = true
transform = Transform( 0.0933, 0, 0.995638, 0, 1, 0, -0.995638, 0, 0.0933, 13.1169, 1.71483, -0.918411 )
mesh = SubResource( 3 )
material/0 = null

[node name="StaticBody" type="StaticBody" parent="Movement/MeshInstance6" index="0"]

[node name="CollisionShape" type="CollisionShape" parent="Movement/MeshInstance6/StaticBody" index="0"]
shape = SubResource( 8 )

[node name="MeshInstance5" type="MeshInstance" parent="Movement" index="5"]
editor/display_folded = true
transform = Transform( -0.839, 0, -0.544, 0, 1, 0, 0.544, 0, -0.839, -7.04, 1.715, -8.491 )
mesh = SubResource( 3 )
material/0 = null

[node name="StaticBody" type="StaticBody" parent="Movement/MeshInstance5" index="0"]

[node name="CollisionShape" type="CollisionShape" parent="Movement/MeshInstance5/StaticBody" index="0"]
shape = SubResource( 9 )

[node name="MeshInstance8" type="MeshInstance" parent="Movement" index="6"]
editor/display_folded = true
transform = Transform( 0.749323, 0, 0.662205, 0, 1, 0, -0.662205, 0, 0.749323, 8.82124, 1.71483, 7.45739 )
mesh = SubResource( 3 )
material/0 = null

[node name="StaticBody" type="StaticBody" parent="Movement/MeshInstance8" index="0"]

[node name="CollisionShape" type="CollisionShape" parent="Movement/MeshInstance8/StaticBody" index="0"]
shape = SubResource( 10 )

[node name="AimAndFire" type="Spatial" parent="." index="4"]
editor/display_folded = true
transform = Transform( 1, 0, 0, 0, 1, 0, 0, 0, 1, -34.3767, 0, 25.9584 )

[node name="MeshInstance9" type="MeshInstance" parent="AimAndFire" index="0"]
editor/display_folded = true
transform = Transform( 0.285274, 0, 0.958446, 0, 1, 0, -0.958446, 0, 0.285274, 4.89576, 1.68192, -14.7964 )
mesh = SubResource( 3 )
material/0 = null

[node name="StaticBody" type="StaticBody" parent="AimAndFire/MeshInstance9" index="0"]

[node name="CollisionShape" type="CollisionShape" parent="AimAndFire/MeshInstance9/StaticBody" index="0"]
shape = SubResource( 10 )

[node name="MeshInstance10" type="MeshInstance" parent="AimAndFire" index="1"]
editor/display_folded = true
transform = Transform( -0.0582705, 0, 0.998301, 0, 1, 0, -0.998301, 0, -0.0582705, -3.71812, 1.68192, -15.5365 )
mesh = SubResource( 3 )
material/0 = null

[node name="StaticBody" type="StaticBody" parent="AimAndFire/MeshInstance10" index="0"]

[node name="CollisionShape" type="CollisionShape" parent="AimAndFire/MeshInstance10/StaticBody" index="0"]
shape = SubResource( 10 )

[node name="MeshInstance11" type="MeshInstance" parent="AimAndFire" index="2"]
editor/display_folded = true
transform = Transform( -0.0986267, 0, 0.995124, 0, 1, 0, -0.995124, 0, -0.0986267, -4.59577, 1.71483, -24.8405 )
mesh = SubResource( 3 )
material/0 = null

[node name="StaticBody" type="StaticBody" parent="AimAndFire/MeshInstance11" index="0"]

[node name="CollisionShape" type="CollisionShape" parent="AimAndFire/MeshInstance11/StaticBody" index="0"]
shape = SubResource( 10 )

[node name="MeshInstance19" type="MeshInstance" parent="AimAndFire" index="3"]
editor/display_folded = true
transform = Transform( 0.465458, 0, -0.885071, 0, 1, 0, 0.885071, 0, 0.465458, 3.91681, 1.71483, -23.9353 )
mesh = SubResource( 3 )
material/0 = null

[node name="StaticBody" type="StaticBody" parent="AimAndFire/MeshInstance19" index="0"]

[node name="CollisionShape" type="CollisionShape" parent="AimAndFire/MeshInstance19/StaticBody" index="0"]
shape = SubResource( 10 )

[node name="Tree" parent="AimAndFire" index="4" instance=ExtResource( 3 )]
transform = Transform( 1, 0, 0, 0, 1, 0, 0, 0, 1, -1.50386, 1.45983, -28.0192 )

[node name="Tree2" parent="AimAndFire" index="5" instance=ExtResource( 3 )]
transform = Transform( 1, 0, 0, 0, 1, 0, 0, 0, 1, -2.46477, 1.45983, -28.0192 )

[node name="Tree3" parent="AimAndFire" index="6" instance=ExtResource( 3 )]
transform = Transform( 1, 0, 0, 0, 1, 0, 0, 0, 1, -0.620538, 1.45983, -28.0192 )

[node name="Tree4" parent="AimAndFire" index="7" instance=ExtResource( 3 )]
transform = Transform( 1, 0, 0, 0, 1, 0, 0, 0, 1, 0.25968, 1.45983, -28.0192 )

[node name="Tree5" parent="AimAndFire" index="8" instance=ExtResource( 3 )]
transform = Transform( 1, 0, 0, 0, 1, 0, 0, 0, 1, -3.27684, 1.45983, -28.0192 )

[node name="Spell" type="Spatial" parent="." index="5"]
editor/display_folded = true
transform = Transform( 1, 0, 0, 0, 1, 0, 0, 0, 1, -33.6691, -7.62939e-006, 27.2816 )

[node name="MeshInstance16" type="MeshInstance" parent="Spell" index="0"]
editor/display_folded = true
transform = Transform( 0.0454441, 0, -0.998967, 0, 1, 0, 0.998967, 0, 0.0454441, -1.45273, 1.71483, -42.1201 )
mesh = SubResource( 3 )
material/0 = null

[node name="StaticBody" type="StaticBody" parent="Spell/MeshInstance16" index="0"]

[node name="CollisionShape" type="CollisionShape" parent="Spell/MeshInstance16/StaticBody" index="0"]
shape = SubResource( 10 )

[node name="MeshInstance12" type="MeshInstance" parent="Spell" index="1"]
editor/display_folded = true
transform = Transform( -0.11501, 0, 0.993364, 0, 1, 0, -0.993364, 0, -0.11501, -5.7885, 1.71483, -34.1773 )
mesh = SubResource( 3 )
material/0 = null

[node name="StaticBody" type="StaticBody" parent="Spell/MeshInstance12" index="0"]

[node name="CollisionShape" type="CollisionShape" parent="Spell/MeshInstance12/StaticBody" index="0"]
shape = SubResource( 10 )

[node name="MeshInstance13" type="MeshInstance" parent="Spell" index="2"]
editor/display_folded = true
transform = Transform( -0.0453058, 0, 0.998974, 0, 1, 0, -0.998974, 0, -0.0453058, -6.44634, 1.71483, -43.8301 )
mesh = SubResource( 3 )
material/0 = null

[node name="StaticBody" type="StaticBody" parent="Spell/MeshInstance13" index="0"]

[node name="CollisionShape" type="CollisionShape" parent="Spell/MeshInstance13/StaticBody" index="0"]
shape = SubResource( 10 )

[node name="MeshInstance15" type="MeshInstance" parent="Spell" index="3"]
editor/display_folded = true
transform = Transform( 0.281245, 0, -0.959636, 0, 1, 0, 0.959636, 0, 0.281245, 0.22049, 1.71483, -32.7716 )
mesh = SubResource( 3 )
material/0 = null

[node name="StaticBody" type="StaticBody" parent="Spell/MeshInstance15" index="0"]

[node name="CollisionShape" type="CollisionShape" parent="Spell/MeshInstance15/StaticBody" index="0"]
shape = SubResource( 10 )

[node name="Tree" parent="Spell" index="4" instance=ExtResource( 4 )]
transform = Transform( 1, 0, 0, 0, 1, 0, 0, 0, 1, -4.14674, 1.88231, -46.2025 )

[node name="DodgeMelee" type="Spatial" parent="." index="6"]
editor/display_folded = true
transform = Transform( 1, 0, 0, 0, 1, 0, 0, 0, 1, -11.5075, 3.8147e-006, -34.8478 )

[node name="MeshInstance30" type="MeshInstance" parent="DodgeMelee" index="0"]
transform = Transform( 0.812466, 0, 0.583008, 0, 1, 0, -0.583008, 0, 0.812466, -7.72741, 1.71483, -7.28704 )
mesh = SubResource( 3 )
material/0 = null

[node name="StaticBody" type="StaticBody" parent="DodgeMelee/MeshInstance30" index="0"]

[node name="CollisionShape" type="CollisionShape" parent="DodgeMelee/MeshInstance30/StaticBody" index="0"]
shape = SubResource( 10 )

[node name="MeshInstance33" type="MeshInstance" parent="DodgeMelee" index="1"]
editor/display_folded = true
transform = Transform( 0.261931, 0, 0.965087, 0, 1, 0, -0.965087, 0, 0.261931, -27.7881, 1.71483, 9.95932 )
mesh = SubResource( 3 )
material/0 = null

[node name="StaticBody" type="StaticBody" parent="DodgeMelee/MeshInstance33" index="0"]

[node name="CollisionShape" type="CollisionShape" parent="DodgeMelee/MeshInstance33/StaticBody" index="0"]
shape = SubResource( 10 )

[node name="MeshInstance36" type="MeshInstance" parent="DodgeMelee" index="2"]
editor/display_folded = true
transform = Transform( -0.0639262, 0, 0.997955, 0, 1, 0, -0.997955, 0, -0.0639262, 14.9793, 1.71483, 10.3638 )
mesh = SubResource( 3 )
material/0 = null

[node name="StaticBody" type="StaticBody" parent="DodgeMelee/MeshInstance36" index="0"]

[node name="CollisionShape" type="CollisionShape" parent="DodgeMelee/MeshInstance36/StaticBody" index="0"]
shape = SubResource( 10 )

[node name="MeshInstance31" type="MeshInstance" parent="DodgeMelee" index="3"]
editor/display_folded = true
transform = Transform( 0.999566, 0, 0.0294587, 0, 1, 0, -0.0294587, 0, 0.999566, -8.29522, 1.71483, -9.71082 )
mesh = SubResource( 3 )
material/0 = null

[node name="StaticBody" type="StaticBody" parent="DodgeMelee/MeshInstance31" index="0"]

[node name="CollisionShape" type="CollisionShape" parent="DodgeMelee/MeshInstance31/StaticBody" index="0"]
shape = SubResource( 10 )

[node name="MeshInstance34" type="MeshInstance" parent="DodgeMelee" index="4"]
transform = Transform( 0.668487, 0, 0.743724, 0, 1, 0, -0.743724, 0, 0.668487, -22.9131, 1.71483, 1.70763 )
mesh = SubResource( 3 )
material/0 = null

[node name="StaticBody" type="StaticBody" parent="DodgeMelee/MeshInstance34" index="0"]

[node name="CollisionShape" type="CollisionShape" parent="DodgeMelee/MeshInstance34/StaticBody" index="0"]
shape = SubResource( 10 )

[node name="MeshInstance37" type="MeshInstance" parent="DodgeMelee" index="5"]
transform = Transform( -4.37114e-008, 0, 1, 0, 1, 0, -1, 0, -4.37114e-008, 14.6412, 1.71483, 0.569266 )
mesh = SubResource( 3 )
material/0 = null

[node name="StaticBody" type="StaticBody" parent="DodgeMelee/MeshInstance37" index="0"]

[node name="CollisionShape" type="CollisionShape" parent="DodgeMelee/MeshInstance37/StaticBody" index="0"]
shape = SubResource( 10 )

[node name="MeshInstance32" type="MeshInstance" parent="DodgeMelee" index="6"]
editor/display_folded = true
transform = Transform( 0.999566, 0, 0.0294587, 0, 1, 0, -0.0294587, 0, 0.999566, 0.958419, 1.71483, -9.71082 )
mesh = SubResource( 3 )
material/0 = null

[node name="StaticBody" type="StaticBody" parent="DodgeMelee/MeshInstance32" index="0"]

[node name="CollisionShape" type="CollisionShape" parent="DodgeMelee/MeshInstance32/StaticBody" index="0"]
shape = SubResource( 10 )

[node name="MeshInstance35" type="MeshInstance" parent="DodgeMelee" index="7"]
transform = Transform( 0.926122, 0, 0.377224, 0, 1, 0, -0.377224, 0, 0.926122, -14.6159, 1.71483, -2.84855 )
mesh = SubResource( 3 )
material/0 = null

[node name="StaticBody" type="StaticBody" parent="DodgeMelee/MeshInstance35" index="0"]

[node name="CollisionShape" type="CollisionShape" parent="DodgeMelee/MeshInstance35/StaticBody" index="0"]
shape = SubResource( 10 )

[node name="MeshInstance38" type="MeshInstance" parent="DodgeMelee" index="8"]
editor/display_folded = true
transform = Transform( -0.0639262, 0, 0.997955, 0, 1, 0, -0.997955, 0, -0.0639262, 14.3219, 1.71483, -8.67886 )
mesh = SubResource( 3 )
material/0 = null

[node name="StaticBody" type="StaticBody" parent="DodgeMelee/MeshInstance38" index="0"]

[node name="CollisionShape" type="CollisionShape" parent="DodgeMelee/MeshInstance38/StaticBody" index="0"]
shape = SubResource( 10 )

[node name="MeshInstance27" type="MeshInstance" parent="DodgeMelee" index="9"]
editor/display_folded = true
transform = Transform( 0.999566, 0, 0.0294587, 0, 1, 0, -0.0294587, 0, 0.999566, -8.10305, 1.71483, 13.9548 )
mesh = SubResource( 3 )
material/0 = null

[node name="StaticBody" type="StaticBody" parent="DodgeMelee/MeshInstance27" index="0"]

[node name="CollisionShape" type="CollisionShape" parent="DodgeMelee/MeshInstance27/StaticBody" index="0"]
shape = SubResource( 10 )

[node name="MeshInstance39" type="MeshInstance" parent="DodgeMelee" index="10"]
editor/display_folded = true
transform = Transform( 0.999566, 0, 0.0294587, 0, 1, 0, -0.0294587, 0, 0.999566, -17.9299, 1.71483, 15.158 )
mesh = SubResource( 3 )
material/0 = null

[node name="StaticBody" type="StaticBody" parent="DodgeMelee/MeshInstance39" index="0"]

[node name="CollisionShape" type="CollisionShape" parent="DodgeMelee/MeshInstance39/StaticBody" index="0"]
shape = SubResource( 10 )

[node name="MeshInstance28" type="MeshInstance" parent="DodgeMelee" index="11"]
editor/display_folded = true
transform = Transform( 0.999566, 0, 0.0294587, 0, 1, 0, -0.0294587, 0, 0.999566, 1.69729, 1.71483, 13.9548 )
mesh = SubResource( 3 )
material/0 = null

[node name="StaticBody" type="StaticBody" parent="DodgeMelee/MeshInstance28" index="0"]

[node name="CollisionShape" type="CollisionShape" parent="DodgeMelee/MeshInstance28/StaticBody" index="0"]
shape = SubResource( 10 )

[node name="MeshInstance29" type="MeshInstance" parent="DodgeMelee" index="12"]
editor/display_folded = true
transform = Transform( 0.999566, 0, 0.0294587, 0, 1, 0, -0.0294587, 0, 0.999566, 10.9509, 1.71483, 13.9548 )
mesh = SubResource( 3 )
material/0 = null

[node name="StaticBody" type="StaticBody" parent="DodgeMelee/MeshInstance29" index="0"]

[node name="CollisionShape" type="CollisionShape" parent="DodgeMelee/MeshInstance29/StaticBody" index="0"]
shape = SubResource( 10 )

[node name="AlchemySwitchWeapon" type="Spatial" parent="." index="7"]
editor/display_folded = true
transform = Transform( 1, 0, 0, 0, 1, 0, 0, 0, 1, 2.28554, 0, -58.2645 )

[node name="MeshInstance39" type="MeshInstance" parent="AlchemySwitchWeapon" index="0"]
transform = Transform( 0.261931, 0, 0.965087, 0, 1, 0, -0.965087, 0, 0.261931, -7.55845, 1.71483, 8.16879 )
mesh = SubResource( 3 )
material/0 = null

[node name="StaticBody" type="StaticBody" parent="AlchemySwitchWeapon/MeshInstance39" index="0"]

[node name="CollisionShape" type="CollisionShape" parent="AlchemySwitchWeapon/MeshInstance39/StaticBody" index="0"]
shape = SubResource( 10 )

[node name="MeshInstance40" type="MeshInstance" parent="AlchemySwitchWeapon" index="1"]
transform = Transform( 0.261931, 0, 0.965087, 0, 1, 0, -0.965087, 0, 0.261931, -5.56946, 1.71483, -1.24379 )
mesh = SubResource( 3 )
material/0 = null

[node name="StaticBody" type="StaticBody" parent="AlchemySwitchWeapon/MeshInstance40" index="0"]

[node name="CollisionShape" type="CollisionShape" parent="AlchemySwitchWeapon/MeshInstance40/StaticBody" index="0"]
shape = SubResource( 10 )

[node name="MeshInstance41" type="MeshInstance" parent="AlchemySwitchWeapon" index="2"]
transform = Transform( 0.998341, 0, -0.0575749, 0, 1, 0, 0.0575749, 0, 0.998341, 1.31198, 1.71483, -5.62718 )
mesh = SubResource( 3 )
material/0 = null

[node name="StaticBody" type="StaticBody" parent="AlchemySwitchWeapon/MeshInstance41" index="0"]

[node name="CollisionShape" type="CollisionShape" parent="AlchemySwitchWeapon/MeshInstance41/StaticBody" index="0"]
shape = SubResource( 10 )

[node name="MeshInstance42" type="MeshInstance" parent="AlchemySwitchWeapon" index="3"]
transform = Transform( 0.998341, 0, -0.0575749, 0, 1, 0, 0.0575749, 0, 0.998341, 10.4653, 1.71483, -5.62718 )
mesh = SubResource( 3 )
material/0 = null

[node name="StaticBody" type="StaticBody" parent="AlchemySwitchWeapon/MeshInstance42" index="0"]

[node name="CollisionShape" type="CollisionShape" parent="AlchemySwitchWeapon/MeshInstance42/StaticBody" index="0"]
shape = SubResource( 10 )

[node name="MeshInstance43" type="MeshInstance" parent="AlchemySwitchWeapon" index="4"]
transform = Transform( 0.998341, 0, -0.0575749, 0, 1, 0, 0.0575749, 0, 0.998341, 15.5571, 1.71483, -4.66885 )
mesh = SubResource( 3 )
material/0 = null

[node name="StaticBody" type="StaticBody" parent="AlchemySwitchWeapon/MeshInstance43" index="0"]

[node name="CollisionShape" type="CollisionShape" parent="AlchemySwitchWeapon/MeshInstance43/StaticBody" index="0"]
shape = SubResource( 10 )

[node name="MeshInstance44" type="MeshInstance" parent="AlchemySwitchWeapon" index="5"]
transform = Transform( -0.0451922, 0, -0.998978, 0, 1, 0, 0.998978, 0, -0.0451922, 24.6228, 1.71483, 0.923848 )
mesh = SubResource( 3 )
material/0 = null

[node name="StaticBody" type="StaticBody" parent="AlchemySwitchWeapon/MeshInstance44" index="0"]

[node name="CollisionShape" type="CollisionShape" parent="AlchemySwitchWeapon/MeshInstance44/StaticBody" index="0"]
shape = SubResource( 10 )

[node name="MeshInstance45" type="MeshInstance" parent="AlchemySwitchWeapon" index="6"]
transform = Transform( -0.0451922, 0, -0.998978, 0, 1, 0, 0.998978, 0, -0.0451922, 24.6228, 1.71483, 10.5422 )
mesh = SubResource( 3 )
material/0 = null

[node name="StaticBody" type="StaticBody" parent="AlchemySwitchWeapon/MeshInstance45" index="0"]

[node name="CollisionShape" type="CollisionShape" parent="AlchemySwitchWeapon/MeshInstance45/StaticBody" index="0"]
shape = SubResource( 10 )

[node name="MeshInstance46" type="MeshInstance" parent="AlchemySwitchWeapon" index="7"]
transform = Transform( -0.992133, 0, 0.125184, 0, 1, 0, -0.125184, 0, -0.992133, 4.11165, 1.71483, 10.5114 )
mesh = SubResource( 3 )
material/0 = null

[node name="StaticBody" type="StaticBody" parent="AlchemySwitchWeapon/MeshInstance46" index="0"]

[node name="CollisionShape" type="CollisionShape" parent="AlchemySwitchWeapon/MeshInstance46/StaticBody" index="0"]
shape = SubResource( 10 )

[node name="MeshInstance47" type="MeshInstance" parent="AlchemySwitchWeapon" index="8"]
transform = Transform( -0.992133, 0, 0.125184, 0, 1, 0, -0.125184, 0, -0.992133, 13.6402, 1.71483, 11.7402 )
mesh = SubResource( 3 )
material/0 = null

[node name="StaticBody" type="StaticBody" parent="AlchemySwitchWeapon/MeshInstance47" index="0"]

[node name="CollisionShape" type="CollisionShape" parent="AlchemySwitchWeapon/MeshInstance47/StaticBody" index="0"]
shape = SubResource( 10 )

[node name="MeshInstance48" type="MeshInstance" parent="AlchemySwitchWeapon" index="9"]
transform = Transform( -0.587692, 0.800126, 0.120067, 0.783933, 0.599832, -0.160159, -0.200167, 0, -0.979762, 20.6193, 1.71483, 13.0265 )
mesh = SubResource( 3 )
material/0 = null

[node name="StaticBody" type="StaticBody" parent="AlchemySwitchWeapon/MeshInstance48" index="0"]

[node name="CollisionShape" type="CollisionShape" parent="AlchemySwitchWeapon/MeshInstance48/StaticBody" index="0"]
shape = SubResource( 10 )

[node name="Extract" type="Spatial" parent="." index="8"]
editor/display_folded = true
transform = Transform( -0.995173, 0, 0.0981326, 0, 1, 0, -0.0981326, 0, -0.995173, 32.0967, 0, -76.6857 )

[node name="TeleportStone" parent="Extract" index="0" instance=ExtResource( 5 )]
transform = Transform( 1, 0, 0, 0, 1, 0, 0, 0, 1, -1.86529, 2.43983, 15.3383 )

[node name="MeshInstance17" type="MeshInstance" parent="Extract" index="1"]
editor/display_folded = true
transform = Transform( 0.343744, 0, -0.939063, 0, 1, 0, 0.939063, 0, 0.343744, 15.3604, 1.71483, -10.4252 )
mesh = SubResource( 3 )
material/0 = null

[node name="StaticBody" type="StaticBody" parent="Extract/MeshInstance17" index="0"]

[node name="CollisionShape" type="CollisionShape" parent="Extract/MeshInstance17/StaticBody" index="0"]
shape = SubResource( 10 )

[node name="MeshInstance18" type="MeshInstance" parent="Extract" index="2"]
editor/display_folded = true
transform = Transform( -0.346778, 0, -0.937947, 0, 1, 0, 0.937947, 0, -0.346778, 16.2424, 1.71483, -2.04043 )
mesh = SubResource( 3 )
material/0 = null

[node name="StaticBody" type="StaticBody" parent="Extract/MeshInstance18" index="0"]

[node name="CollisionShape" type="CollisionShape" parent="Extract/MeshInstance18/StaticBody" index="0"]
shape = SubResource( 10 )

[node name="MeshInstance26" type="MeshInstance" parent="Extract" index="3"]
editor/display_folded = true
transform = Transform( 0.0166718, 0, -0.999861, 0, 1, 0, 0.999861, 0, 0.0166718, -21.727, 1.71483, -1.10863 )
mesh = SubResource( 3 )
material/0 = null

[node name="StaticBody" type="StaticBody" parent="Extract/MeshInstance26" index="0"]

[node name="CollisionShape" type="CollisionShape" parent="Extract/MeshInstance26/StaticBody" index="0"]
shape = SubResource( 10 )

[node name="MeshInstance14" type="MeshInstance" parent="Extract" index="4"]
editor/display_folded = true
transform = Transform( 0.999566, 0, 0.0294587, 0, 1, 0, -0.0294587, 0, 0.999566, -0.607513, 1.71483, -15.615 )
mesh = SubResource( 3 )
material/0 = null

[node name="StaticBody" type="StaticBody" parent="Extract/MeshInstance14" index="0"]

[node name="CollisionShape" type="CollisionShape" parent="Extract/MeshInstance14/StaticBody" index="0"]
shape = SubResource( 10 )

[node name="MeshInstance15" type="MeshInstance" parent="Extract" index="5"]
editor/display_folded = true
transform = Transform( 0.919476, 0, 0.393146, 0, 1, 0, -0.393146, 0, 0.919476, -9.97506, 1.71483, -13.8378 )
mesh = SubResource( 3 )
material/0 = null

[node name="StaticBody" type="StaticBody" parent="Extract/MeshInstance15" index="0"]

[node name="CollisionShape" type="CollisionShape" parent="Extract/MeshInstance15/StaticBody" index="0"]
shape = SubResource( 10 )

[node name="MeshInstance16" type="MeshInstance" parent="Extract" index="6"]
editor/display_folded = true
transform = Transform( 0.815224, 0, 0.579145, 0, 1, 0, -0.579145, 0, 0.815224, -17.9626, 1.71483, -9.31697 )
mesh = SubResource( 3 )
material/0 = null

[node name="StaticBody" type="StaticBody" parent="Extract/MeshInstance16" index="0"]

[node name="CollisionShape" type="CollisionShape" parent="Extract/MeshInstance16/StaticBody" index="0"]
shape = SubResource( 10 )

[node name="MeshInstance19" type="MeshInstance" parent="Extract" index="7"]
editor/display_folded = true
transform = Transform( 0.999566, 0, 0.0294587, 0, 1, 0, -0.0294587, 0, 0.999566, -12.1282, 1.71483, 23.4945 )
mesh = SubResource( 3 )
material/0 = null

[node name="StaticBody" type="StaticBody" parent="Extract/MeshInstance19" index="0"]

[node name="CollisionShape" type="CollisionShape" parent="Extract/MeshInstance19/StaticBody" index="0"]
shape = SubResource( 10 )

[node name="MeshInstance20" type="MeshInstance" parent="Extract" index="8"]
editor/display_folded = true
transform = Transform( 0.999566, 0, 0.0294587, 0, 1, 0, -0.0294587, 0, 0.999566, -2.32785, 1.71483, 23.4945 )
mesh = SubResource( 3 )
material/0 = null

[node name="StaticBody" type="StaticBody" parent="Extract/MeshInstance20" index="0"]

[node name="CollisionShape" type="CollisionShape" parent="Extract/MeshInstance20/StaticBody" index="0"]
shape = SubResource( 10 )

[node name="MeshInstance21" type="MeshInstance" parent="Extract" index="9"]
editor/display_folded = true
transform = Transform( 0.999566, 0, 0.0294587, 0, 1, 0, -0.0294587, 0, 0.999566, 6.92579, 1.71483, 23.4945 )
mesh = SubResource( 3 )
material/0 = null

[node name="StaticBody" type="StaticBody" parent="Extract/MeshInstance21" index="0"]

[node name="CollisionShape" type="CollisionShape" parent="Extract/MeshInstance21/StaticBody" index="0"]
shape = SubResource( 10 )

[node name="MeshInstance22" type="MeshInstance" parent="Extract" index="10"]
editor/display_folded = true
transform = Transform( 0.304061, 0, 0.952653, 0, 1, 0, -0.952653, 0, 0.304061, 13.1864, 1.71483, 17.7812 )
mesh = SubResource( 3 )
material/0 = null

[node name="StaticBody" type="StaticBody" parent="Extract/MeshInstance22" index="0"]

[node name="CollisionShape" type="CollisionShape" parent="Extract/MeshInstance22/StaticBody" index="0"]
shape = SubResource( 10 )

[node name="MeshInstance24" type="MeshInstance" parent="Extract" index="11"]
editor/display_folded = true
transform = Transform( -0.0618149, 0, 0.998088, 0, 1, 0, -0.998088, 0, -0.0618149, -17.3926, 1.71483, 18.4732 )
mesh = SubResource( 3 )
material/0 = null

[node name="StaticBody" type="StaticBody" parent="Extract/MeshInstance24" index="0"]

[node name="CollisionShape" type="CollisionShape" parent="Extract/MeshInstance24/StaticBody" index="0"]
shape = SubResource( 10 )

[node name="MeshInstance23" type="MeshInstance" parent="Extract" index="12"]
editor/display_folded = true
transform = Transform( -0.0203227, 0, 0.999794, 0, 1, 0, -0.999794, 0, -0.0203227, 14.9003, 1.71483, 7.75916 )
mesh = SubResource( 3 )
material/0 = null

[node name="StaticBody" type="StaticBody" parent="Extract/MeshInstance23" index="0"]

[node name="CollisionShape" type="CollisionShape" parent="Extract/MeshInstance23/StaticBody" index="0"]
shape = SubResource( 10 )

[node name="MeshInstance25" type="MeshInstance" parent="Extract" index="13"]
editor/display_folded = true
transform = Transform( -0.381234, 0, 0.924479, 0, 1, 0, -0.924479, 0, -0.381234, -19.4268, 1.71483, 8.51126 )
mesh = SubResource( 3 )
material/0 = null

[node name="StaticBody" type="StaticBody" parent="Extract/MeshInstance25" index="0"]

[node name="CollisionShape" type="CollisionShape" parent="Extract/MeshInstance25/StaticBody" index="0"]
shape = SubResource( 10 )

[node name="FireBug" parent="." index="9" instance=ExtResource( 6 )]
transform = Transform( 1, 0, 0, 0, 1, 0, 0, 0, 1, -35.5418, 0, 6.71414 )
